01 00 00 00 00 00 00 00 04 00 0E 01 64 00 F1 01 48 00 91 01 F2 02 88 02 56 02 00 00 00 00 00 24 Fixed Vel / TS Mode
01 00 00 00 00 00 00 00 00 00 0E 01 64 00 F1 01 48 00 91 01 F2 02 88 02 56 02 00 00 00 00 00 24
01 00 00 00 00 00 00 00 01 00 0E 01 64 00 F1 01 48 00 91 01 F2 02 88 02 56 02 00 00 00 00 00 18
01 00 00 00 00 00 00 00 00 00 0E 01 64 00 F1 01 48 00 91 01 F2 02 88 02 56 02 00 00 00 00 00 18
01 00 00 00 00 00 00 00 02 00 0E 01 64 00 F1 01 48 00 91 01 F2 02 88 02 56 02 00 00 00 00 00 24 Octave Right
01 00 00 00 00 00 00 00 00 00 0E 01 64 00 F1 01 48 00 91 01 F2 02 88 02 56 02 00 00 00 00 00 24
01 00 00 00 00 00 00 00 02 00 0E 01 64 00 F1 01 48 00 91 01 F2 02 88 02 56 02 00 00 00 00 00 30
01 00 00 00 00 00 00 00 00 00 0E 01 64 00 F1 01 48 00 91 01 F2 02 88 02 56 02 00 00 00 00 00 30
01 00 00 00 00 00 00 00 01 00 0E 01 64 00 F1 01 48 00 91 01 F2 02 88 02 56 02 00 00 00 00 00 24 Octave Left
01 00 00 00 00 00 00 00 00 00 0E 01 64 00 F1 01 48 00 91 01 F2 02 88 02 56 02 00 00 00 00 00 24
01 00 80 00 00 00 00 00 00 00 0E 01 64 00 F1 01 48 00 91 01 F2 02 88 02 56 02 00 00 00 00 00 24 Shift
01 00 00 00 00 00 00 00 00 00 0E 01 64 00 F1 01 48 00 91 01 F2 02 88 02 56 02 00 00 00 00 00 24
01 00 08 00 00 00 00 00 00 00 0E 01 64 00 F1 01 48 00 91 01 F2 02 88 02 56 02 00 00 00 00 00 24 Scale
01 00 00 00 00 00 00 00 00 00 0E 01 64 00 F1 01 48 00 91 01 F2 02 88 02 56 02 00 00 00 00 00 24
01 00 04 00 00 00 00 00 00 00 0E 01 64 00 F1 01 48 00 91 01 F2 02 88 02 56 02 00 00 00 00 00 24 Arp
01 00 00 00 00 00 00 00 00 00 0E 01 64 00 F1 01 48 00 91 01 F2 02 88 02 56 02 00 00 00 00 00 24
01 00 40 00 00 00 00 00 00 00 0E 01 64 00 F1 01 48 00 91 01 F2 02 88 02 56 02 00 00 00 00 00 24 Undo / Redo
01 00 00 00 00 00 00 00 00 00 0E 01 64 00 F1 01 48 00 91 01 F2 02 88 02 56 02 00 00 00 00 00 24
01 00 02 00 00 00 00 00 00 00 0E 01 64 00 F1 01 48 00 91 01 F2 02 88 02 56 02 00 00 00 00 00 24 Quantize
01 00 00 00 00 00 00 00 00 00 0E 01 64 00 F1 01 48 00 91 01 F2 02 88 02 56 02 00 00 00 00 00 24
01 00 01 00 00 00 00 00 00 00 0E 01 64 00 F1 01 48 00 91 01 F2 02 88 02 56 02 00 00 00 00 00 24 Auto
01 00 00 00 00 00 00 00 00 00 0E 01 64 00 F1 01 48 00 91 01 F2 02 88 02 56 02 00 00 00 00 00 24
01 00 20 00 00 00 00 00 00 00 0E 01 64 00 F1 01 48 00 91 01 F2 02 88 02 56 02 00 00 00 00 00 24 Loop
01 00 00 00 00 00 00 00 00 00 0E 01 64 00 F1 01 48 00 91 01 F2 02 88 02 56 02 00 00 00 00 00 24
01 00 00 08 00 00 00 00 00 00 0E 01 64 00 F1 01 48 00 91 01 F2 02 88 02 56 02 00 00 00 00 00 24 Metro
01 00 00 00 00 00 00 00 00 00 0E 01 64 00 F1 01 48 00 91 01 F2 02 88 02 56 02 00 00 00 00 00 24
01 00 00 04 00 00 00 00 00 00 0E 01 64 00 F1 01 48 00 91 01 F2 02 88 02 56 02 00 00 00 00 00 24 Tempo
01 00 00 00 00 00 00 00 00 00 0E 01 64 00 F1 01 48 00 91 01 F2 02 88 02 56 02 00 00 00 00 00 24
01 00 10 00 00 00 00 00 00 00 0E 01 64 00 F1 01 48 00 91 01 F2 02 88 02 56 02 00 00 00 00 00 24 Play
01 00 00 00 00 00 00 00 00 00 0E 01 64 00 F1 01 48 00 91 01 F2 02 88 02 56 02 00 00 00 00 00 24
01 00 00 02 00 00 00 00 00 00 0E 01 64 00 F1 01 48 00 91 01 F2 02 88 02 56 02 00 00 00 00 00 24 Record
01 00 00 00 00 00 00 00 00 00 0E 01 64 00 F1 01 48 00 91 01 F2 02 88 02 56 02 00 00 00 00 00 24
01 00 00 01 00 00 00 00 00 00 0E 01 64 00 F1 01 48 00 91 01 F2 02 88 02 56 02 00 00 00 00 00 24 Stop
01 00 00 00 00 00 00 00 00 00 0E 01 64 00 F1 01 48 00 91 01 F2 02 88 02 56 02 00 00 00 00 00 24
01 00 00 00 01 00 00 00 00 00 0E 01 64 00 F1 01 48 00 91 01 F2 02 88 02 56 02 00 00 00 00 00 24 Mute
01 00 00 00 00 00 00 00 00 00 0E 01 64 00 F1 01 48 00 91 01 F2 02 88 02 56 02 00 00 00 00 00 24
01 00 00 00 02 00 00 00 00 00 0E 01 64 00 F1 01 48 00 91 01 F2 02 88 02 56 02 00 00 00 00 00 24 Solo
01 00 00 00 00 00 00 00 00 00 0E 01 64 00 F1 01 48 00 91 01 F2 02 88 02 56 02 00 00 00 00 00 24
01 00 00 10 00 00 00 00 00 00 0E 01 64 00 F1 01 48 00 91 01 F2 02 88 02 56 02 00 00 00 00 00 24 Preset Up
01 00 00 00 00 00 00 00 00 00 0E 01 64 00 F1 01 48 00 91 01 F2 02 88 02 56 02 00 00 00 00 00 24
01 00 00 40 00 00 00 00 00 00 0E 01 64 00 F1 01 48 00 91 01 F2 02 88 02 56 02 00 00 00 00 00 24 Preset Down
01 00 00 00 00 00 00 00 00 00 0E 01 64 00 F1 01 48 00 91 01 F2 02 88 02 56 02 00 00 00 00 00 24
01 00 00 80 00 00 00 00 00 00 0E 01 64 00 F1 01 48 00 91 01 F2 02 88 02 56 02 00 00 00 00 00 24 Prev Page
01 00 00 00 00 00 00 00 00 00 0E 01 64 00 F1 01 48 00 91 01 F2 02 88 02 56 02 00 00 00 00 00 24
01 00 00 20 00 00 00 00 00 00 0E 01 64 00 F1 01 48 00 91 01 F2 02 88 02 56 02 00 00 00 00 00 24 Next Page
01 00 00 00 00 00 00 00 00 00 0E 01 64 00 F1 01 48 00 91 01 F2 02 88 02 56 02 00 00 00 00 00 24
01 00 00 00 04 00 00 00 00 00 0E 01 64 00 F1 01 48 00 91 01 F2 02 88 02 56 02 00 00 00 00 00 24 Scene
01 00 00 00 00 00 00 00 00 00 0E 01 64 00 F1 01 48 00 91 01 F2 02 88 02 56 02 00 00 00 00 00 24
01 00 00 00 08 00 00 00 00 00 0E 01 64 00 F1 01 48 00 91 01 F2 02 88 02 56 02 00 00 00 00 00 24 Pattern
01 00 00 00 00 00 00 00 00 00 0E 01 64 00 F1 01 48 00 91 01 F2 02 88 02 56 02 00 00 00 00 00 24
01 00 00 00 10 00 00 00 00 00 0E 01 64 00 F1 01 48 00 91 01 F2 02 88 02 56 02 00 00 00 00 00 24 Track
01 00 00 00 00 00 00 00 00 00 0E 01 64 00 F1 01 48 00 91 01 F2 02 88 02 56 02 00 00 00 00 00 24
01 00 00 00 40 00 00 00 00 00 0E 01 64 00 F1 01 48 00 91 01 F2 02 88 02 56 02 00 00 00 00 00 24 Key Mode
01 00 00 00 00 00 00 00 00 00 0E 01 64 00 F1 01 48 00 91 01 F2 02 88 02 56 02 00 00 00 00 00 24
01 00 00 00 20 00 00 00 00 00 0E 01 64 00 F1 01 48 00 91 01 F2 02 88 02 56 02 00 00 00 00 00 24 Clear
01 00 00 00 00 00 00 00 00 00 0E 01 64 00 F1 01 48 00 91 01 F2 02 88 02 56 02 00 00 00 00 00 24



 01 00 00 00 00 00 00 80 00 00 0E 01 64 00 F1 01 48 00 91 01 F2 02 88 02 56 02 00 00 00 00 00 24 Knob 1
 01 00 00 00 00 00 00 00 00 00 0E 01 64 00 F1 01 48 00 91 01 F2 02 88 02 56 02 00 00 00 00 00 24
 01 00 00 00 00 00 00 40 00 00 0E 01 64 00 F1 01 48 00 91 01 F2 02 88 02 56 02 00 00 00 00 00 24 Knob 2
 01 00 00 00 00 00 00 00 00 00 0E 01 64 00 F1 01 48 00 91 01 F2 02 88 02 56 02 00 00 00 00 00 24
 01 00 00 00 00 00 00 20 00 00 0E 01 64 00 F1 01 48 00 91 01 F2 02 88 02 56 02 00 00 00 00 00 24 Knob 3
 01 00 00 00 00 00 00 00 00 00 0E 01 64 00 F1 01 48 00 91 01 F2 02 88 02 56 02 00 00 00 00 00 24
 01 00 00 00 00 00 00 10 00 00 0E 01 64 00 F1 01 48 00 91 01 F2 02 88 02 56 02 00 00 00 00 00 24 Knob 4
 01 00 00 00 00 00 00 00 00 00 0E 01 64 00 F1 01 48 00 91 01 F2 02 88 02 56 02 00 00 00 00 00 24
 01 00 00 00 00 00 00 08 00 00 0E 01 64 00 F1 01 48 00 91 01 F2 02 88 02 56 02 00 00 00 00 00 24 Knob 5
 01 00 00 00 00 00 00 00 00 00 0E 01 64 00 F1 01 48 00 91 01 F2 02 88 02 56 02 00 00 00 00 00 24
 01 00 00 00 00 00 00 04 00 00 0E 01 64 00 F1 01 48 00 91 01 F2 02 88 02 56 02 00 00 00 00 00 24 Knob 6
 01 00 00 00 00 00 00 00 00 00 0E 01 64 00 F1 01 48 00 91 01 F2 02 88 02 56 02 00 00 00 00 00 24
 01 00 00 00 00 00 00 02 00 00 0E 01 64 00 F1 01 48 00 91 01 F2 02 88 02 56 02 00 00 00 00 00 24 Knob 7
 01 00 00 00 00 00 00 00 00 00 0E 01 64 00 F1 01 48 00 91 01 F2 02 88 02 56 02 00 00 00 00 00 24
 01 00 00 00 00 00 00 01 00 00 0E 01 64 00 F1 01 48 00 91 01 F2 02 88 02 56 02 00 00 00 00 00 24 Knob 8
 01 00 00 00 00 00 00 00 00 00 0E 01 64 00 F1 01 48 00 91 01 F2 02 88 02 56 02 00 00 00 00 00 24



 01 00 00 00 00 04 00 00 00 00 0E 01 64 00 F1 01 48 00 91 01 F2 02 88 02 56 02 00 00 00 00 00 24 Browser
 01 00 00 00 00 00 00 00 00 00 0E 01 64 00 F1 01 48 00 91 01 F2 02 88 02 56 02 00 00 00 00 00 24
 01 00 00 00 00 02 00 00 00 00 0E 01 64 00 F1 01 48 00 91 01 F2 02 88 02 56 02 00 00 00 00 00 24 Plugin
 01 00 00 00 00 00 00 00 00 00 0E 01 64 00 F1 01 48 00 91 01 F2 02 88 02 56 02 00 00 00 00 00 24
 01 00 00 00 00 01 00 00 00 00 0E 01 64 00 F1 01 48 00 91 01 F2 02 88 02 56 02 00 00 00 00 00 24 Mixer
 01 00 00 00 00 00 00 00 00 00 0E 01 64 00 F1 01 48 00 91 01 F2 02 88 02 56 02 00 00 00 00 00 24
 01 00 00 00 00 10 00 00 00 00 0E 01 64 00 F1 01 48 00 91 01 F2 02 88 02 56 02 00 00 00 00 00 24 Instance
 01 00 00 00 00 00 00 00 00 00 0E 01 64 00 F1 01 48 00 91 01 F2 02 88 02 56 02 00 00 00 00 00 24
 01 00 00 00 00 20 00 00 00 00 0E 01 64 00 F1 01 48 00 91 01 F2 02 88 02 56 02 00 00 00 00 00 24 Midi
 01 00 00 00 00 00 00 00 00 00 0E 01 64 00 F1 01 48 00 91 01 F2 02 88 02 56 02 00 00 00 00 00 24
 01 00 00 00 00 08 00 00 00 00 0E 01 64 00 F1 01 48 00 91 01 F2 02 88 02 56 02 00 00 00 00 00 24 Setup
 01 00 00 00 00 00 00 00 00 00 0E 01 64 00 F1 01 48 00 91 01 F2 02 88 02 56 02 00 00 00 00 00 24


 01 00 00 00 00 00 04 00 00 00 0E 01 64 00 F1 01 48 00 91 01 F2 02 88 02 56 02 00 00 00 00 00 24 Bigknob touch
 01 00 00 00 00 00 00 00 00 00 0E 01 64 00 F1 01 48 00 91 01 F2 02 88 02 56 02 00 00 00 00 00 24



 01 00 00 00 00 00 04 00 00 00 0E 01 64 00 F1 01 48 00 91 01 F2 02 88 02 56 02 00 00 00 00 00 24
 01 00 00 00 00 00 00 00 00 00 0E 01 64 00 F1 01 48 00 91 01 F2 02 88 02 56 02 00 00 00 00 00 24
 01 00 00 00 00 00 04 00 00 00 0E 01 64 00 F1 01 48 00 91 01 F2 02 88 02 56 02 00 00 00 00 00 24
 01 00 00 00 00 00 00 00 00 00 0E 01 64 00 F1 01 48 00 91 01 F2 02 88 02 56 02 00 00 00 00 00 24
 01 00 00 00 00 00 04 00 00 00 0E 01 64 00 F1 01 48 00 91 01 F2 02 88 02 56 02 00 00 00 00 00 24
 01 00 00 00 00 00 00 00 00 00 0E 01 64 00 F1 01 48 00 91 01 F2 02 88 02 56 02 00 00 00 00 00 24
 01 00 00 00 00 00 04 00 00 00 0E 01 64 00 F1 01 48 00 91 01 F2 02 88 02 56 02 00 00 00 00 00 24
 01 00 00 00 00 00 24 00 00 00 0E 01 64 00 F1 01 48 00 91 01 F2 02 88 02 56 02 00 00 00 00 00 24 Bigknob Up
 01 00 00 00 00 00 04 00 00 00 0E 01 64 00 F1 01 48 00 91 01 F2 02 88 02 56 02 00 00 00 00 00 24
 01 00 00 00 00 00 00 00 00 00 0E 01 64 00 F1 01 48 00 91 01 F2 02 88 02 56 02 00 00 00 00 00 24
 01 00 00 00 00 00 04 00 00 00 0E 01 64 00 F1 01 48 00 91 01 F2 02 88 02 56 02 00 00 00 00 00 24
 01 00 00 00 00 00 00 00 00 00 0E 01 64 00 F1 01 48 00 91 01 F2 02 88 02 56 02 00 00 00 00 00 24
 01 00 00 00 00 00 04 00 00 00 0E 01 64 00 F1 01 48 00 91 01 F2 02 88 02 56 02 00 00 00 00 00 24
 01 00 00 00 00 00 14 00 00 00 0E 01 64 00 F1 01 48 00 91 01 F2 02 88 02 56 02 00 00 00 00 00 24 Bigknob Down
 01 00 00 00 00 00 04 00 00 00 0E 01 64 00 F1 01 48 00 91 01 F2 02 88 02 56 02 00 00 00 00 00 24
 01 00 00 00 00 00 00 00 00 00 0E 01 64 00 F1 01 48 00 91 01 F2 02 88 02 56 02 00 00 00 00 00 24
 01 00 00 00 00 00 04 00 00 00 0E 01 64 00 F1 01 48 00 91 01 F2 02 88 02 56 02 00 00 00 00 00 24
 01 00 00 00 00 00 84 00 00 00 0E 01 64 00 F1 01 48 00 91 01 F2 02 88 02 56 02 00 00 00 00 00 24 Bigknob Left
 01 00 00 00 00 00 04 00 00 00 0E 01 64 00 F1 01 48 00 91 01 F2 02 88 02 56 02 00 00 00 00 00 24
 01 00 00 00 00 00 00 00 00 00 0E 01 64 00 F1 01 48 00 91 01 F2 02 88 02 56 02 00 00 00 00 00 24
 01 00 00 00 00 00 04 00 00 00 0E 01 64 00 F1 01 48 00 91 01 F2 02 88 02 56 02 00 00 00 00 00 24
 01 00 00 00 00 00 44 00 00 00 0E 01 64 00 F1 01 48 00 91 01 F2 02 88 02 56 02 00 00 00 00 00 24 Bigknob Right
 01 00 00 00 00 00 04 00 00 00 0E 01 64 00 F1 01 48 00 91 01 F2 02 88 02 56 02 00 00 00 00 00 24
 01 00 00 00 00 00 00 00 00 00 0E 01 64 00 F1 01 48 00 91 01 F2 02 88 02 56 02 00 00 00 00 00 24

 01 00 00 00 00 00 4C 00 00 00 0E 01 64 00 F1 01 48 00 91 01 F2 02 88 02 56 02 00 00 00 00 00 24 Bigknob Push


 first byte is above display buttons   10..80.01..08




 01 00 00 00 00 00 04 00 00 00 0E 01 64 00 F1 01 48 00 91 01 F2 02 88 02 56 02 00 00 00 00 00 24
 01 00 00 00 00 00 04 00 00 00 0E 01 64 00 F1 01 48 00 91 01 F2 02 88 02 56 02 00 00 00 00 01 24
 01 00 00 00 00 00 04 00 00 00 0E 01 64 00 F1 01 48 00 91 01 F2 02 88 02 56 02 00 00 00 00 02 24
 01 00 00 00 00 00 04 00 00 00 0E 01 64 00 F1 01 48 00 91 01 F2 02 88 02 56 02 00 00 00 00 03 24
 01 00 00 00 00 00 04 00 00 00 0E 01 64 00 F1 01 48 00 91 01 F2 02 88 02 56 02 00 00 00 00 04 24
 01 00 00 00 00 00 04 00 00 00 0E 01 64 00 F1 01 48 00 91 01 F2 02 88 02 56 02 00 00 00 00 05 24
 01 00 00 00 00 00 04 00 00 00 0E 01 64 00 F1 01 48 00 91 01 F2 02 88 02 56 02 00 00 00 00 06 24
 01 00 00 00 00 00 04 00 00 00 0E 01 64 00 F1 01 48 00 91 01 F2 02 88 02 56 02 00 00 00 00 07 24
 01 00 00 00 00 00 04 00 00 00 0E 01 64 00 F1 01 48 00 91 01 F2 02 88 02 56 02 00 00 00 00 08 24
 01 00 00 00 00 00 04 00 00 00 0E 01 64 00 F1 01 48 00 91 01 F2 02 88 02 56 02 00 00 00 00 09 24
 01 00 00 00 00 00 04 00 00 00 0E 01 64 00 F1 01 48 00 91 01 F2 02 88 02 56 02 00 00 00 00 08 24
 01 00 00 00 00 00 04 00 00 00 0E 01 64 00 F1 01 48 00 91 01 F2 02 88 02 56 02 00 00 00 00 07 24
 01 00 00 00 00 00 04 00 00 00 0E 01 64 00 F1 01 48 00 91 01 F2 02 88 02 56 02 00 00 00 00 06 24
 01 00 00 00 00 00 04 00 00 00 0E 01 64 00 F1 01 48 00 91 01 F2 02 88 02 56 02 00 00 00 00 05 24
 01 00 00 00 00 00 04 00 00 00 0E 01 64 00 F1 01 48 00 91 01 F2 02 88 02 56 02 00 00 00 00 04 24
 01 00 00 00 00 00 04 00 00 00 0E 01 64 00 F1 01 48 00 91 01 F2 02 88 02 56 02 00 00 00 00 03 24
 01 00 00 00 00 00 04 00 00 00 0E 01 64 00 F1 01 48 00 91 01 F2 02 88 02 56 02 00 00 00 00 02 24
 01 00 00 00 00 00 04 00 00 00 0E 01 64 00 F1 01 48 00 91 01 F2 02 88 02 56 02 00 00 00 00 01 24
 01 00 00 00 00 00 04 00 00 00 0E 01 64 00 F1 01 48 00 91 01 F2 02 88 02 56 02 00 00 00 00 00 24
 01 00 00 00 00 00 00 00 00 00 0E 01 64 00 F1 01 48 00 91 01 F2 02 88 02 56 02 00 00 00 00 00 24

