17CC 1620: Native Instruments - KOMPLETE KONTROL S61 MK2
DESCRIPTOR:
  06  01  ff  09  00  a1  01  09  01  a1  02  85  01  09  02  15 
  00  25  01  75  01  95  48  81  02  09  06  15  00  26  e7  03 
  75  10  95  08  81  02  09  09  15  00  26  ff  03  75  10  95 
  02  81  02  09  03  15  00  25  0f  75  04  95  02  81  02  09 
  0c  15  00  26  ff  00  75  08  95  01  81  02  c0  09  01  a1 
  02  85  02  09  08  15  00  26  ff  07  75  10  95  02  81  02 
  09  44  15  00  27  ff  ff  00  00  75  10  95  03  81  02  c0 
  09  01  a1  02  85  0f  09  a2  15  00  26  ff  00  75  08  95 
  01  81  02  c0  09  40  a1  02  85  40  09  41  15  00  27  ff 
  ff  00  00  75  10  95  0f  81  02  c0  09  80  a1  02  85  80 
  09  81  15  00  25  7f  75  08  95  45  91  02  c0  09  80  a1 
  02  85  81  09  81  15  00  25  7f  75  08  95  3d  91  02  c0 
  09  a0  a1  02  85  a0  09  a2  15  00  26  ff  00  75  08  95 
  01  91  02  09  a2  15  00  26  ff  00  75  08  95  01  91  02 
  c0  09  a0  a1  02  85  a1  09  a2  15  00  26  ff  00  75  08 
  95  60  91  02  09  a2  15  00  26  ff  00  75  08  95  60  91 
  02  09  a2  15  00  25  1f  75  08  95  08  91  02  09  a2  15 
  00  27  ff  ff  00  00  75  10  95  01  91  02  09  a2  15  00 
  26  ff  00  75  08  95  01  91  02  c0  09  a0  a1  02  85  a2 
  09  a2  15  00  26  ff  00  75  08  95  0c  91  02  09  a2  15 
  00  26  ff  00  75  08  95  0c  91  02  09  a2  15  00  26  ff 
  00  75  08  95  14  91  02  c0  09  a0  a1  02  85  a3  09  a2 
  15  00  26  ff  00  75  08  95  0c  91  02  09  a2  15  00  26 
  ff  00  75  08  95  0c  91  02  09  a2  15  00  26  ff  00  75 
  08  95  0c  91  02  09  a2  15  00  26  ff  00  75  08  95  0c 
  91  02  09  a2  15  00  26  ff  00  75  08  95  0c  91  02  09 
  a2  15  00  26  ff  00  75  08  95  0c  91  02  c0  09  a0  a1 
  02  85  a4  09  a2  15  00  26  ff  00  75  08  95  80  91  02 
  c0  09  a0  a1  02  85  aa  09  a2  15  00  27  ff  ff  00  00 
  75  10  95  19  81  02  c0  09  a0  a1  02  85  af  09  a2  15 
  00  26  ff  00  75  08  95  01  91  02  09  a2  15  00  26  ff 
  00  75  08  95  01  91  02  c0  09  d0  a1  02  85  d0  09  d1 
  15  00  27  ff  ff  00  00  75  10  95  02  b1  02  09  d1  15 
  00  26  ff  00  75  08  95  01  b1  02  09  e7  15  00  25  64 
  75  08  95  01  b1  02  09  81  15  00  25  7f  75  08  95  01 
  b1  02  09  d1  15  00  26  ff  00  75  08  95  01  b1  02  09 
  e6  15  00  25  64  75  08  95  06  b1  02  09  d1  15  00  26 
  ff  00  75  08  95  02  b1  02  09  d1  15  00  26  ff  00  75 
  08  95  10  b1  02  c0  09  d8  a1  02  85  d8  09  d1  15  00 
  27  ff  ff  00  00  75  10  95  02  b1  03  09  d1  15  00  27 
  ff  ff  00  00  75  10  95  02  b1  03  09  d1  15  00  27  ff 
  ff  00  00  75  10  95  04  b1  03  09  d1  15  00  26  ff  00 
  75  08  95  01  b1  03  09  d1  15  00  26  ff  00  75  08  95 
  0f  b1  03  c0  09  d8  a1  02  85  d9  09  d1  15  00  26  ff 
  00  75  08  95  20  b1  03  c0  09  f0  a1  02  85  f0  09  06 
  15  00  26  ff  00  75  08  95  08  b1  02  09  09  15  00  26 
  ff  00  75  08  95  02  b1  02  09  08  15  00  26  ff  00  75 
  08  95  02  b1  02  c0  09  f0  a1  02  85  f1  09  81  15  00 
  25  7f  75  08  95  d0  b1  02  c0  09  f0  a1  02  85  f3  09 
  81  15  00  25  7f  75  08  95  01  91  02  c0  09  f0  a1  02 
  85  f4  09  f4  15  00  26  ff  00  75  08  95  01  91  02  09 
  f5  15  00  26  ff  00  75  08  95  1f  91  02  c0  09  e0  a1 
  02  85  f8  09  e1  15  00  27  ff  ff  00  00  75  10  95  01 
  b1  03  09  e2  15  00  27  ff  ff  00  00  75  10  95  01  b1 
  03  09  e3  15  00  26  ff  00  75  08  95  01  b1  03  09  e4 
  15  00  26  ff  00  75  08  95  01  b1  03  09  e5  15  00  26 
  ff  00  75  08  95  01  b1  03  09  e7  15  00  25  64  75  08 
  95  01  b1  02  09  e6  15  00  25  64  75  08  95  01  b1  02 
  09  e8  15  00  25  01  75  08  95  01  b1  02  c0  09  e0  a1 
  02  85  f9  09  e1  15  00  27  ff  ff  00  00  75  10  95  01 
  b1  03  09  e2  15  00  27  ff  ff  00  00  75  10  95  01  b1 
  03  09  e3  15  00  26  ff  00  75  08  95  01  b1  03  09  e4 
  15  00  26  ff  00  75  08  95  01  b1  03  09  e5  15  00  26 
  ff  00  75  08  95  01  b1  03  09  e7  15  00  25  64  75  08 
  95  01  b1  02  09  e6  15  00  25  64  75  08  95  01  b1  02 
  09  e8  15  00  25  01  75  08  95  01  b1  02  c0  c0  
  (1054 bytes)

