$ usbhid-dump -e all -m 0x17cc:0x1620
002:015:002:DESCRIPTOR         1649112684.303969
 06 01 FF 09 00 A1 01 09 01 A1 02 85 01 09 02 15
 00 25 01 75 01 95 48 81 02 09 06 15 00 26 E7 03
 75 10 95 08 81 02 09 09 15 00 26 FF 03 75 10 95
 02 81 02 09 03 15 00 25 0F 75 04 95 02 81 02 09
 0C 15 00 26 FF 00 75 08 95 01 81 02 C0 09 01 A1
 02 85 02 09 08 15 00 26 FF 07 75 10 95 02 81 02
 09 44 15 00 27 FF FF 00 00 75 10 95 03 81 02 C0
 09 01 A1 02 85 0F 09 A2 15 00 26 FF 00 75 08 95
 01 81 02 C0 09 40 A1 02 85 40 09 41 15 00 27 FF
 FF 00 00 75 10 95 0F 81 02 C0 09 80 A1 02 85 80
 09 81 15 00 25 7F 75 08 95 45 91 02 C0 09 80 A1
 02 85 81 09 81 15 00 25 7F 75 08 95 3D 91 02 C0
 09 A0 A1 02 85 A0 09 A2 15 00 26 FF 00 75 08 95
 01 91 02 09 A2 15 00 26 FF 00 75 08 95 01 91 02
 C0 09 A0 A1 02 85 A1 09 A2 15 00 26 FF 00 75 08
 95 60 91 02 09 A2 15 00 26 FF 00 75 08 95 60 91
 02 09 A2 15 00 25 1F 75 08 95 08 91 02 09 A2 15
 00 27 FF FF 00 00 75 10 95 01 91 02 09 A2 15 00
 26 FF 00 75 08 95 01 91 02 C0 09 A0 A1 02 85 A2
 09 A2 15 00 26 FF 00 75 08 95 0C 91 02 09 A2 15
 00 26 FF 00 75 08 95 0C 91 02 09 A2 15 00 26 FF
 00 75 08 95 14 91 02 C0 09 A0 A1 02 85 A3 09 A2
 15 00 26 FF 00 75 08 95 0C 91 02 09 A2 15 00 26
 FF 00 75 08 95 0C 91 02 09 A2 15 00 26 FF 00 75
 08 95 0C 91 02 09 A2 15 00 26 FF 00 75 08 95 0C
 91 02 09 A2 15 00 26 FF 00 75 08 95 0C 91 02 09
 A2 15 00 26 FF 00 75 08 95 0C 91 02 C0 09 A0 A1
 02 85 A4 09 A2 15 00 26 FF 00 75 08 95 80 91 02
 C0 09 A0 A1 02 85 AA 09 A2 15 00 27 FF FF 00 00
 75 10 95 19 81 02 C0 09 A0 A1 02 85 AF 09 A2 15
 00 26 FF 00 75 08 95 01 91 02 09 A2 15 00 26 FF
 00 75 08 95 01 91 02 C0 09 D0 A1 02 85 D0 09 D1
 15 00 27 FF FF 00 00 75 10 95 02 B1 02 09 D1 15
 00 26 FF 00 75 08 95 01 B1 02 09 E7 15 00 25 64
 75 08 95 01 B1 02 09 81 15 00 25 7F 75 08 95 01
 B1 02 09 D1 15 00 26 FF 00 75 08 95 01 B1 02 09
 E6 15 00 25 64 75 08 95 06 B1 02 09 D1 15 00 26
 FF 00 75 08 95 02 B1 02 09 D1 15 00 26 FF 00 75
 08 95 10 B1 02 C0 09 D8 A1 02 85 D8 09 D1 15 00
 27 FF FF 00 00 75 10 95 02 B1 03 09 D1 15 00 27
 FF FF 00 00 75 10 95 02 B1 03 09 D1 15 00 27 FF
 FF 00 00 75 10 95 04 B1 03 09 D1 15 00 26 FF 00
 75 08 95 01 B1 03 09 D1 15 00 26 FF 00 75 08 95
 0F B1 03 C0 09 D8 A1 02 85 D9 09 D1 15 00 26 FF
 00 75 08 95 20 B1 03 C0 09 F0 A1 02 85 F0 09 06
 15 00 26 FF 00 75 08 95 08 B1 02 09 09 15 00 26
 FF 00 75 08 95 02 B1 02 09 08 15 00 26 FF 00 75
 08 95 02 B1 02 C0 09 F0 A1 02 85 F1 09 81 15 00
 25 7F 75 08 95 D0 B1 02 C0 09 F0 A1 02 85 F3 09
 81 15 00 25 7F 75 08 95 01 91 02 C0 09 F0 A1 02
 85 F4 09 F4 15 00 26 FF 00 75 08 95 01 91 02 09
 F5 15 00 26 FF 00 75 08 95 1F 91 02 C0 09 E0 A1
 02 85 F8 09 E1 15 00 27 FF FF 00 00 75 10 95 01
 B1 03 09 E2 15 00 27 FF FF 00 00 75 10 95 01 B1
 03 09 E3 15 00 26 FF 00 75 08 95 01 B1 03 09 E4
 15 00 26 FF 00 75 08 95 01 B1 03 09 E5 15 00 26
 FF 00 75 08 95 01 B1 03 09 E7 15 00 25 64 75 08
 95 01 B1 02 09 E6 15 00 25 64 75 08 95 01 B1 02
 09 E8 15 00 25 01 75 08 95 01 B1 02 C0 09 E0 A1
 02 85 F9 09 E1 15 00 27 FF FF 00 00 75 10 95 01
 B1 03 09 E2 15 00 27 FF FF 00 00 75 10 95 01 B1
 03 09 E3 15 00 26 FF 00 75 08 95 01 B1 03 09 E4
 15 00 26 FF 00 75 08 95 01 B1 03 09 E5 15 00 26
 FF 00 75 08 95 01 B1 03 09 E7 15 00 25 64 75 08
 95 01 B1 02 09 E6 15 00 25 64 75 08 95 01 B1 02
 09 E8 15 00 25 01 75 08 95 01 B1 02 C0 C0

Starting dumping interrupt transfer stream
with 1 minute timeout.

002:015:002:STREAM             1649112685.726165
 01 00 00 00 00 00 00 00 04 00 0E 01 64 00 F1 01
 48 00 91 01 F2 02 88 02 56 02 00 00 00 00 00 24

002:015:002:STREAM             1649112685.896196
 01 00 00 00 00 00 00 00 00 00 0E 01 64 00 F1 01
 48 00 91 01 F2 02 88 02 56 02 00 00 00 00 00 24

002:015:002:STREAM             1649112689.006636
 01 00 00 00 00 00 00 00 01 00 0E 01 64 00 F1 01
 48 00 91 01 F2 02 88 02 56 02 00 00 00 00 00 18

002:015:002:STREAM             1649112689.176371
 01 00 00 00 00 00 00 00 00 00 0E 01 64 00 F1 01
 48 00 91 01 F2 02 88 02 56 02 00 00 00 00 00 18

002:015:002:STREAM             1649112690.136651
 01 00 00 00 00 00 00 00 02 00 0E 01 64 00 F1 01
 48 00 91 01 F2 02 88 02 56 02 00 00 00 00 00 24

002:015:002:STREAM             1649112690.276389
 01 00 00 00 00 00 00 00 00 00 0E 01 64 00 F1 01
 48 00 91 01 F2 02 88 02 56 02 00 00 00 00 00 24

002:015:002:STREAM             1649112692.296654
 01 00 00 00 00 00 00 00 02 00 0E 01 64 00 F1 01
 48 00 91 01 F2 02 88 02 56 02 00 00 00 00 00 30

002:015:002:STREAM             1649112692.446356
 01 00 00 00 00 00 00 00 00 00 0E 01 64 00 F1 01
 48 00 91 01 F2 02 88 02 56 02 00 00 00 00 00 30

002:015:002:STREAM             1649112692.846660
 01 00 00 00 00 00 00 00 01 00 0E 01 64 00 F1 01
 48 00 91 01 F2 02 88 02 56 02 00 00 00 00 00 24

002:015:002:STREAM             1649112693.026454
 01 00 00 00 00 00 00 00 00 00 0E 01 64 00 F1 01
 48 00 91 01 F2 02 88 02 56 02 00 00 00 00 00 24

002:015:002:STREAM             1649112699.310290
 01 00 80 00 00 00 00 00 00 00 0E 01 64 00 F1 01
 48 00 91 01 F2 02 88 02 56 02 00 00 00 00 00 24

002:015:002:STREAM             1649112699.455305
 01 00 00 00 00 00 00 00 00 00 0E 01 64 00 F1 01
 48 00 91 01 F2 02 88 02 56 02 00 00 00 00 00 24

002:015:002:STREAM             1649112699.914298
 01 00 08 00 00 00 00 00 00 00 0E 01 64 00 F1 01
 48 00 91 01 F2 02 88 02 56 02 00 00 00 00 00 24

002:015:002:STREAM             1649112700.059283
 01 00 00 00 00 00 00 00 00 00 0E 01 64 00 F1 01
 48 00 91 01 F2 02 88 02 56 02 00 00 00 00 00 24

002:015:002:STREAM             1649112700.320331
 01 00 04 00 00 00 00 00 00 00 0E 01 64 00 F1 01
 48 00 91 01 F2 02 88 02 56 02 00 00 00 00 00 24

002:015:002:STREAM             1649112700.445326
 01 00 00 00 00 00 00 00 00 00 0E 01 64 00 F1 01
 48 00 91 01 F2 02 88 02 56 02 00 00 00 00 00 24

002:015:002:STREAM             1649112700.733253
 01 00 40 00 00 00 00 00 00 00 0E 01 64 00 F1 01
 48 00 91 01 F2 02 88 02 56 02 00 00 00 00 00 24

002:015:002:STREAM             1649112700.901269
 01 00 00 00 00 00 00 00 00 00 0E 01 64 00 F1 01
 48 00 91 01 F2 02 88 02 56 02 00 00 00 00 00 24

002:015:002:STREAM             1649112701.173294
 01 00 02 00 00 00 00 00 00 00 0E 01 64 00 F1 01
 48 00 91 01 F2 02 88 02 56 02 00 00 00 00 00 24

002:015:002:STREAM             1649112701.317260
 01 00 00 00 00 00 00 00 00 00 0E 01 64 00 F1 01
 48 00 91 01 F2 02 88 02 56 02 00 00 00 00 00 24

002:015:002:STREAM             1649112701.610253
 01 00 01 00 00 00 00 00 00 00 0E 01 64 00 F1 01
 48 00 91 01 F2 02 88 02 56 02 00 00 00 00 00 24

002:015:002:STREAM             1649112701.761234
 01 00 00 00 00 00 00 00 00 00 0E 01 64 00 F1 01
 48 00 91 01 F2 02 88 02 56 02 00 00 00 00 00 24

002:015:002:STREAM             1649112702.106242
 01 00 20 00 00 00 00 00 00 00 0E 01 64 00 F1 01
 48 00 91 01 F2 02 88 02 56 02 00 00 00 00 00 24

002:015:002:STREAM             1649112702.267310
 01 00 00 00 00 00 00 00 00 00 0E 01 64 00 F1 01
 48 00 91 01 F2 02 88 02 56 02 00 00 00 00 00 24

002:015:002:STREAM             1649112702.543233
 01 00 00 08 00 00 00 00 00 00 0E 01 64 00 F1 01
 48 00 91 01 F2 02 88 02 56 02 00 00 00 00 00 24

002:015:002:STREAM             1649112702.692339
 01 00 00 00 00 00 00 00 00 00 0E 01 64 00 F1 01
 48 00 91 01 F2 02 88 02 56 02 00 00 00 00 00 24

002:015:002:STREAM             1649112702.989319
 01 00 00 04 00 00 00 00 00 00 0E 01 64 00 F1 01
 48 00 91 01 F2 02 88 02 56 02 00 00 00 00 00 24

002:015:002:STREAM             1649112703.152300
 01 00 00 00 00 00 00 00 00 00 0E 01 64 00 F1 01
 48 00 91 01 F2 02 88 02 56 02 00 00 00 00 00 24

002:015:002:STREAM             1649112703.440530
 01 00 10 00 00 00 00 00 00 00 0E 01 64 00 F1 01
 48 00 91 01 F2 02 88 02 56 02 00 00 00 00 00 24

002:015:002:STREAM             1649112703.594580
 01 00 00 00 00 00 00 00 00 00 0E 01 64 00 F1 01
 48 00 91 01 F2 02 88 02 56 02 00 00 00 00 00 24

002:015:002:STREAM             1649112703.894472
 01 00 00 02 00 00 00 00 00 00 0E 01 64 00 F1 01
 48 00 91 01 F2 02 88 02 56 02 00 00 00 00 00 24

002:015:002:STREAM             1649112704.040490
 01 00 00 00 00 00 00 00 00 00 0E 01 64 00 F1 01
 48 00 91 01 F2 02 88 02 56 02 00 00 00 00 00 24

002:015:002:STREAM             1649112704.321512
 01 00 00 01 00 00 00 00 00 00 0E 01 64 00 F1 01
 48 00 91 01 F2 02 88 02 56 02 00 00 00 00 00 24

002:015:002:STREAM             1649112704.463476
 01 00 00 00 00 00 00 00 00 00 0E 01 64 00 F1 01
 48 00 91 01 F2 02 88 02 56 02 00 00 00 00 00 24

002:015:002:STREAM             1649112706.500494
 01 00 00 00 01 00 00 00 00 00 0E 01 64 00 F1 01
 48 00 91 01 F2 02 88 02 56 02 00 00 00 00 00 24

002:015:002:STREAM             1649112706.648429
 01 00 00 00 00 00 00 00 00 00 0E 01 64 00 F1 01
 48 00 91 01 F2 02 88 02 56 02 00 00 00 00 00 24

002:015:002:STREAM             1649112706.932409
 01 00 00 00 02 00 00 00 00 00 0E 01 64 00 F1 01
 48 00 91 01 F2 02 88 02 56 02 00 00 00 00 00 24

002:015:002:STREAM             1649112707.045498
 01 00 00 00 00 00 00 00 00 00 0E 01 64 00 F1 01
 48 00 91 01 F2 02 88 02 56 02 00 00 00 00 00 24

002:015:002:STREAM             1649112707.823405
 01 00 00 10 00 00 00 00 00 00 0E 01 64 00 F1 01
 48 00 91 01 F2 02 88 02 56 02 00 00 00 00 00 24

002:015:002:STREAM             1649112707.927426
 01 00 00 00 00 00 00 00 00 00 0E 01 64 00 F1 01
 48 00 91 01 F2 02 88 02 56 02 00 00 00 00 00 24

002:015:002:STREAM             1649112708.331461
 01 00 00 40 00 00 00 00 00 00 0E 01 64 00 F1 01
 48 00 91 01 F2 02 88 02 56 02 00 00 00 00 00 24

002:015:002:STREAM             1649112708.456572
 01 00 00 00 00 00 00 00 00 00 0E 01 64 00 F1 01
 48 00 91 01 F2 02 88 02 56 02 00 00 00 00 00 24

002:015:002:STREAM             1649112708.970532
 01 00 00 80 00 00 00 00 00 00 0E 01 64 00 F1 01
 48 00 91 01 F2 02 88 02 56 02 00 00 00 00 00 24

002:015:002:STREAM             1649112709.110507
 01 00 00 00 00 00 00 00 00 00 0E 01 64 00 F1 01
 48 00 91 01 F2 02 88 02 56 02 00 00 00 00 00 24

002:015:002:STREAM             1649112709.508486
 01 00 00 20 00 00 00 00 00 00 0E 01 64 00 F1 01
 48 00 91 01 F2 02 88 02 56 02 00 00 00 00 00 24

002:015:002:STREAM             1649112709.667486
 01 00 00 00 00 00 00 00 00 00 0E 01 64 00 F1 01
 48 00 91 01 F2 02 88 02 56 02 00 00 00 00 00 24

002:015:002:STREAM             1649112710.439565
 01 00 00 00 04 00 00 00 00 00 0E 01 64 00 F1 01
 48 00 91 01 F2 02 88 02 56 02 00 00 00 00 00 24

002:015:002:STREAM             1649112710.560447
 01 00 00 00 00 00 00 00 00 00 0E 01 64 00 F1 01
 48 00 91 01 F2 02 88 02 56 02 00 00 00 00 00 24

002:015:002:STREAM             1649112710.873451
 01 00 00 00 08 00 00 00 00 00 0E 01 64 00 F1 01
 48 00 91 01 F2 02 88 02 56 02 00 00 00 00 00 24

002:015:002:STREAM             1649112711.008445
 01 00 00 00 00 00 00 00 00 00 0E 01 64 00 F1 01
 48 00 91 01 F2 02 88 02 56 02 00 00 00 00 00 24

002:015:002:STREAM             1649112711.290494
 01 00 00 00 10 00 00 00 00 00 0E 01 64 00 F1 01
 48 00 91 01 F2 02 88 02 56 02 00 00 00 00 00 24

002:015:002:STREAM             1649112711.417460
 01 00 00 00 00 00 00 00 00 00 0E 01 64 00 F1 01
 48 00 91 01 F2 02 88 02 56 02 00 00 00 00 00 24

002:015:002:STREAM             1649112711.766381
 01 00 00 00 40 00 00 00 00 00 0E 01 64 00 F1 01
 48 00 91 01 F2 02 88 02 56 02 00 00 00 00 00 24

002:015:002:STREAM             1649112711.894486
 01 00 00 00 00 00 00 00 00 00 0E 01 64 00 F1 01
 48 00 91 01 F2 02 88 02 56 02 00 00 00 00 00 24

002:015:002:STREAM             1649112712.235428
 01 00 00 00 20 00 00 00 00 00 0E 01 64 00 F1 01
 48 00 91 01 F2 02 88 02 56 02 00 00 00 00 00 24

002:015:002:STREAM             1649112712.334425
 01 00 00 00 00 00 00 00 00 00 0E 01 64 00 F1 01
 48 00 91 01 F2 02 88 02 56 02 00 00 00 00 00 24



002:015:002:STREAM             1649112727.641588
 01 00 00 00 00 00 00 80 00 00 0E 01 64 00 F1 01
 48 00 91 01 F2 02 88 02 56 02 00 00 00 00 00 24

002:015:002:STREAM             1649112727.721661
 01 00 00 00 00 00 00 00 00 00 0E 01 64 00 F1 01
 48 00 91 01 F2 02 88 02 56 02 00 00 00 00 00 24

002:015:002:STREAM             1649112729.041666
 01 00 00 00 00 00 00 40 00 00 0E 01 64 00 F1 01
 48 00 91 01 F2 02 88 02 56 02 00 00 00 00 00 24

002:015:002:STREAM             1649112729.091537
 01 00 00 00 00 00 00 00 00 00 0E 01 64 00 F1 01
 48 00 91 01 F2 02 88 02 56 02 00 00 00 00 00 24

002:015:002:STREAM             1649112729.941783
 01 00 00 00 00 00 00 20 00 00 0E 01 64 00 F1 01
 48 00 91 01 F2 02 88 02 56 02 00 00 00 00 00 24

002:015:002:STREAM             1649112729.991849
 01 00 00 00 00 00 00 00 00 00 0E 01 64 00 F1 01
 48 00 91 01 F2 02 88 02 56 02 00 00 00 00 00 24

002:015:002:STREAM             1649112730.811816
 01 00 00 00 00 00 00 10 00 00 0E 01 64 00 F1 01
 48 00 91 01 F2 02 88 02 56 02 00 00 00 00 00 24

002:015:002:STREAM             1649112730.851889
 01 00 00 00 00 00 00 00 00 00 0E 01 64 00 F1 01
 48 00 91 01 F2 02 88 02 56 02 00 00 00 00 00 24

002:015:002:STREAM             1649112731.671834
 01 00 00 00 00 00 00 08 00 00 0E 01 64 00 F1 01
 48 00 91 01 F2 02 88 02 56 02 00 00 00 00 00 24

002:015:002:STREAM             1649112731.701808
 01 00 00 00 00 00 00 00 00 00 0E 01 64 00 F1 01
 48 00 91 01 F2 02 88 02 56 02 00 00 00 00 00 24

002:015:002:STREAM             1649112732.531882
 01 00 00 00 00 00 00 04 00 00 0E 01 64 00 F1 01
 48 00 91 01 F2 02 88 02 56 02 00 00 00 00 00 24

002:015:002:STREAM             1649112732.591819
 01 00 00 00 00 00 00 00 00 00 0E 01 64 00 F1 01
 48 00 91 01 F2 02 88 02 56 02 00 00 00 00 00 24

002:015:002:STREAM             1649112733.261710
 01 00 00 00 00 00 00 02 00 00 0E 01 64 00 F1 01
 48 00 91 01 F2 02 88 02 56 02 00 00 00 00 00 24

002:015:002:STREAM             1649112733.331719
 01 00 00 00 00 00 00 00 00 00 0E 01 64 00 F1 01
 48 00 91 01 F2 02 88 02 56 02 00 00 00 00 00 24

002:015:002:STREAM             1649112734.331798
 01 00 00 00 00 00 00 01 00 00 0E 01 64 00 F1 01
 48 00 91 01 F2 02 88 02 56 02 00 00 00 00 00 24

002:015:002:STREAM             1649112735.791741
 01 00 00 00 00 00 00 00 00 00 0E 01 64 00 F1 01
 48 00 91 01 F2 02 88 02 56 02 00 00 00 00 00 24




002:015:002:STREAM             1649112740.253734
 01 00 00 00 00 04 00 00 00 00 0E 01 64 00 F1 01
 48 00 91 01 F2 02 88 02 56 02 00 00 00 00 00 24

002:015:002:STREAM             1649112740.360725
 01 00 00 00 00 00 00 00 00 00 0E 01 64 00 F1 01
 48 00 91 01 F2 02 88 02 56 02 00 00 00 00 00 24

002:015:002:STREAM             1649112740.718687
 01 00 00 00 00 02 00 00 00 00 0E 01 64 00 F1 01
 48 00 91 01 F2 02 88 02 56 02 00 00 00 00 00 24

002:015:002:STREAM             1649112740.807785
 01 00 00 00 00 00 00 00 00 00 0E 01 64 00 F1 01
 48 00 91 01 F2 02 88 02 56 02 00 00 00 00 00 24

002:015:002:STREAM             1649112741.101687
 01 00 00 00 00 01 00 00 00 00 0E 01 64 00 F1 01
 48 00 91 01 F2 02 88 02 56 02 00 00 00 00 00 24

002:015:002:STREAM             1649112741.217773
 01 00 00 00 00 00 00 00 00 00 0E 01 64 00 F1 01
 48 00 91 01 F2 02 88 02 56 02 00 00 00 00 00 24

002:015:002:STREAM             1649112741.544714
 01 00 00 00 00 10 00 00 00 00 0E 01 64 00 F1 01
 48 00 91 01 F2 02 88 02 56 02 00 00 00 00 00 24

002:015:002:STREAM             1649112741.667764
 01 00 00 00 00 00 00 00 00 00 0E 01 64 00 F1 01
 48 00 91 01 F2 02 88 02 56 02 00 00 00 00 00 24

002:015:002:STREAM             1649112741.946717
 01 00 00 00 00 20 00 00 00 00 0E 01 64 00 F1 01
 48 00 91 01 F2 02 88 02 56 02 00 00 00 00 00 24

002:015:002:STREAM             1649112742.067709
 01 00 00 00 00 00 00 00 00 00 0E 01 64 00 F1 01
 48 00 91 01 F2 02 88 02 56 02 00 00 00 00 00 24

002:015:002:STREAM             1649112742.387656
 01 00 00 00 00 08 00 00 00 00 0E 01 64 00 F1 01
 48 00 91 01 F2 02 88 02 56 02 00 00 00 00 00 24

002:015:002:STREAM             1649112742.487696
 01 00 00 00 00 00 00 00 00 00 0E 01 64 00 F1 01
 48 00 91 01 F2 02 88 02 56 02 00 00 00 00 00 24




002:015:002:STREAM             1649112745.595996
 01 00 00 00 00 00 04 00 00 00 0E 01 64 00 F1 01
 48 00 91 01 F2 02 88 02 56 02 00 00 00 00 00 24


002:015:002:STREAM             1649112745.760915
 01 00 00 00 00 00 00 00 00 00 0E 01 64 00 F1 01
 48 00 91 01 F2 02 88 02 56 02 00 00 00 00 00 24

002:015:002:STREAM             1649112746.462959
 01 00 00 00 00 00 04 00 00 00 0E 01 64 00 F1 01
 48 00 91 01 F2 02 88 02 56 02 00 00 00 00 00 24

002:015:002:STREAM             1649112746.597824
 01 00 00 00 00 00 00 00 00 00 0E 01 64 00 F1 01
 48 00 91 01 F2 02 88 02 56 02 00 00 00 00 00 24

002:015:002:STREAM             1649112746.648843
 01 00 00 00 00 00 04 00 00 00 0E 01 64 00 F1 01
 48 00 91 01 F2 02 88 02 56 02 00 00 00 00 00 24

002:015:002:STREAM             1649112746.771842
 01 00 00 00 00 00 00 00 00 00 0E 01 64 00 F1 01
 48 00 91 01 F2 02 88 02 56 02 00 00 00 00 00 24

002:015:002:STREAM             1649112747.398853
 01 00 00 00 00 00 04 00 00 00 0E 01 64 00 F1 01
 48 00 91 01 F2 02 88 02 56 02 00 00 00 00 00 24

002:015:002:STREAM             1649112748.471995
 01 00 00 00 00 00 24 00 00 00 0E 01 64 00 F1 01
 48 00 91 01 F2 02 88 02 56 02 00 00 00 00 00 24

002:015:002:STREAM             1649112748.649931
 01 00 00 00 00 00 04 00 00 00 0E 01 64 00 F1 01
 48 00 91 01 F2 02 88 02 56 02 00 00 00 00 00 24

002:015:002:STREAM             1649112748.958862
 01 00 00 00 00 00 00 00 00 00 0E 01 64 00 F1 01
 48 00 91 01 F2 02 88 02 56 02 00 00 00 00 00 24

002:015:002:STREAM             1649112749.519887
 01 00 00 00 00 00 04 00 00 00 0E 01 64 00 F1 01
 48 00 91 01 F2 02 88 02 56 02 00 00 00 00 00 24

002:015:002:STREAM             1649112749.881863
 01 00 00 00 00 00 00 00 00 00 0E 01 64 00 F1 01
 48 00 91 01 F2 02 88 02 56 02 00 00 00 00 00 24

002:015:002:STREAM             1649112750.001998
 01 00 00 00 00 00 04 00 00 00 0E 01 64 00 F1 01
 48 00 91 01 F2 02 88 02 56 02 00 00 00 00 00 24

002:015:002:STREAM             1649112750.894830
 01 00 00 00 00 00 14 00 00 00 0E 01 64 00 F1 01
 48 00 91 01 F2 02 88 02 56 02 00 00 00 00 00 24

002:015:002:STREAM             1649112751.073883
 01 00 00 00 00 00 04 00 00 00 0E 01 64 00 F1 01
 48 00 91 01 F2 02 88 02 56 02 00 00 00 00 00 24

002:015:002:STREAM             1649112751.221874
 01 00 00 00 00 00 00 00 00 00 0E 01 64 00 F1 01
 48 00 91 01 F2 02 88 02 56 02 00 00 00 00 00 24

002:015:002:STREAM             1649112751.640872
 01 00 00 00 00 00 04 00 00 00 0E 01 64 00 F1 01
 48 00 91 01 F2 02 88 02 56 02 00 00 00 00 00 24

002:015:002:STREAM             1649112752.294926
 01 00 00 00 00 00 84 00 00 00 0E 01 64 00 F1 01
 48 00 91 01 F2 02 88 02 56 02 00 00 00 00 00 24

002:015:002:STREAM             1649112752.446808
 01 00 00 00 00 00 04 00 00 00 0E 01 64 00 F1 01
 48 00 91 01 F2 02 88 02 56 02 00 00 00 00 00 24

002:015:002:STREAM             1649112752.629925
 01 00 00 00 00 00 00 00 00 00 0E 01 64 00 F1 01
 48 00 91 01 F2 02 88 02 56 02 00 00 00 00 00 24

002:015:002:STREAM             1649112752.867919
 01 00 00 00 00 00 04 00 00 00 0E 01 64 00 F1 01
 48 00 91 01 F2 02 88 02 56 02 00 00 00 00 00 24

002:015:002:STREAM             1649112753.432855
 01 00 00 00 00 00 44 00 00 00 0E 01 64 00 F1 01
 48 00 91 01 F2 02 88 02 56 02 00 00 00 00 00 24

002:015:002:STREAM             1649112753.606809
 01 00 00 00 00 00 04 00 00 00 0E 01 64 00 F1 01
 48 00 91 01 F2 02 88 02 56 02 00 00 00 00 00 24

002:015:002:STREAM             1649112753.736856
 01 00 00 00 00 00 00 00 00 00 0E 01 64 00 F1 01
 48 00 91 01 F2 02 88 02 56 02 00 00 00 00 00 24






002:015:002:STREAM             1649112755.805848
 01 00 00 00 00 00 04 00 00 00 0E 01 64 00 F1 01
 48 00 91 01 F2 02 88 02 56 02 00 00 00 00 00 24

002:015:002:STREAM             1649112756.038757
 01 00 00 00 00 00 00 00 00 00 0E 01 64 00 F1 01
 48 00 91 01 F2 02 88 02 56 02 00 00 00 00 00 24






002:015:002:STREAM             1649112758.236051
 01 00 00 00 00 00 04 00 00 00 0E 01 64 00 F1 01
 48 00 91 01 F2 02 88 02 56 02 00 00 00 00 00 24

002:015:002:STREAM             1649112758.765068
 01 00 00 00 00 00 04 00 00 00 0E 01 64 00 F1 01
 48 00 91 01 F2 02 88 02 56 02 00 00 00 00 01 24

002:015:002:STREAM             1649112758.820041
 01 00 00 00 00 00 04 00 00 00 0E 01 64 00 F1 01
 48 00 91 01 F2 02 88 02 56 02 00 00 00 00 02 24

002:015:002:STREAM             1649112758.962119
 01 00 00 00 00 00 04 00 00 00 0E 01 64 00 F1 01
 48 00 91 01 F2 02 88 02 56 02 00 00 00 00 03 24

002:015:002:STREAM             1649112759.063974
 01 00 00 00 00 00 04 00 00 00 0E 01 64 00 F1 01
 48 00 91 01 F2 02 88 02 56 02 00 00 00 00 04 24

002:015:002:STREAM             1649112759.133960
 01 00 00 00 00 00 04 00 00 00 0E 01 64 00 F1 01
 48 00 91 01 F2 02 88 02 56 02 00 00 00 00 05 24

002:015:002:STREAM             1649112759.190998
 01 00 00 00 00 00 04 00 00 00 0E 01 64 00 F1 01
 48 00 91 01 F2 02 88 02 56 02 00 00 00 00 06 24

002:015:002:STREAM             1649112759.300182
 01 00 00 00 00 00 04 00 00 00 0E 01 64 00 F1 01
 48 00 91 01 F2 02 88 02 56 02 00 00 00 00 07 24

002:015:002:STREAM             1649112759.355178
 01 00 00 00 00 00 04 00 00 00 0E 01 64 00 F1 01
 48 00 91 01 F2 02 88 02 56 02 00 00 00 00 08 24

002:015:002:STREAM             1649112759.539164
 01 00 00 00 00 00 04 00 00 00 0E 01 64 00 F1 01
 48 00 91 01 F2 02 88 02 56 02 00 00 00 00 09 24

002:015:002:STREAM             1649112760.182068
 01 00 00 00 00 00 04 00 00 00 0E 01 64 00 F1 01
 48 00 91 01 F2 02 88 02 56 02 00 00 00 00 08 24

002:015:002:STREAM             1649112760.221031
 01 00 00 00 00 00 04 00 00 00 0E 01 64 00 F1 01
 48 00 91 01 F2 02 88 02 56 02 00 00 00 00 07 24

002:015:002:STREAM             1649112760.300030
 01 00 00 00 00 00 04 00 00 00 0E 01 64 00 F1 01
 48 00 91 01 F2 02 88 02 56 02 00 00 00 00 06 24

002:015:002:STREAM             1649112760.360158
 01 00 00 00 00 00 04 00 00 00 0E 01 64 00 F1 01
 48 00 91 01 F2 02 88 02 56 02 00 00 00 00 05 24

002:015:002:STREAM             1649112760.409072
 01 00 00 00 00 00 04 00 00 00 0E 01 64 00 F1 01
 48 00 91 01 F2 02 88 02 56 02 00 00 00 00 04 24

002:015:002:STREAM             1649112760.467035
 01 00 00 00 00 00 04 00 00 00 0E 01 64 00 F1 01
 48 00 91 01 F2 02 88 02 56 02 00 00 00 00 03 24

002:015:002:STREAM             1649112760.528035
 01 00 00 00 00 00 04 00 00 00 0E 01 64 00 F1 01
 48 00 91 01 F2 02 88 02 56 02 00 00 00 00 02 24

002:015:002:STREAM             1649112760.590181
 01 00 00 00 00 00 04 00 00 00 0E 01 64 00 F1 01
 48 00 91 01 F2 02 88 02 56 02 00 00 00 00 01 24

002:015:002:STREAM             1649112760.686990
 01 00 00 00 00 00 04 00 00 00 0E 01 64 00 F1 01
 48 00 91 01 F2 02 88 02 56 02 00 00 00 00 00 24

002:015:002:STREAM             1649112761.823020
 01 00 00 00 00 00 00 00 00 00 0E 01 64 00 F1 01
 48 00 91 01 F2 02 88 02 56 02 00 00 00 00 00 24


